{
	"HandleObjects" : 
	[
		{
			"ChildScaleX" : 2.25,
			"ChildScaleY" : 2.2999999523162842,
			"ChildScaleZ" : 1.0,
			"ComponentType" : "ItemHealthPack",
			"Name" : "helath1",
			"PivotScale" : 1.0,
			"PositionX" : 2.0252530574798584,
			"PositionY" : -0.20203553140163422,
			"PositionZ" : -9.4098958969116211,
			"RotationX" : 0.0,
			"RotationY" : 0.0,
			"RotationZ" : 0.0
		},
		{
			"ChildScaleX" : 1.0,
			"ChildScaleY" : 5.0,
			"ChildScaleZ" : 1.0,
			"ComponentType" : "ItemHealthPack",
			"Name" : "Health2",
			"PivotScale" : 1.0,
			"PositionX" : 0.16071520745754242,
			"PositionY" : -0.57837474346160889,
			"PositionZ" : -9.4352989196777344,
			"RotationX" : 0.0,
			"RotationY" : 0.0,
			"RotationZ" : 0.0
		}
	],
	"Lights" : 
	[
		{
			"AmbinentFactor" : 0.0,
			"ColorA" : 1.0,
			"ColorB" : 1.0,
			"ColorG" : 1.0,
			"ColorR" : 1.0,
			"EulerAngleX" : 0.0,
			"EulerAngleY" : 0.0,
			"EulerAngleZ" : 0.0,
			"Name" : "Directional",
			"PosX" : 0.0,
			"PosY" : 0.0,
			"PosZ" : -3.0,
			"Tag" : "Directional"
		}
	],
	"MapObjects" : 
	[
		{
			"ColliderExistence" : true,
			"MeshType" : 0,
			"Name" : "",
			"PositionX" : -4.5720891952514648,
			"PositionY" : 0.13543196022510529,
			"PositionZ" : -10.038493156433105,
			"RotationX" : 0.0,
			"RotationY" : 0.0,
			"RotationZ" : 0.0,
			"ScaleX" : 6.5999999046325684,
			"ScaleY" : 12.199999809265137,
			"ScaleZ" : 3.9000000953674316,
			"Tag" : "",
			"TexturePath" : "../SharedResource/Texture/sans/Dev.png",
			"UVScaleX" : 1.0,
			"UVScaleY" : 1.0
		}
	],
	"TriggerEvents" : 
	[
		[
			{
				"Name" : "Trigger_0",
				"PositionX" : -4.1206459999084473,
				"PositionY" : 1.4127248525619507,
				"PositionZ" : -5.9879269599914551,
				"RotationX" : 0.0,
				"RotationY" : 0.0,
				"RotationZ" : 0.0,
				"ScaleX" : 1.0,
				"ScaleY" : 3.3499999046325684,
				"ScaleZ" : 1.0,
				"TriggerMethod" : 2,
				"TriggerOnce" : false,
				"TriggerToolAutoNum" : 1
			},
			{
				"EventType" : 10,
				"Name" : "Wendigo1",
				"PositionX" : -4.6576714515686035,
				"PositionY" : 0.17487169802188873,
				"PositionZ" : -8.3517999649047852,
				"RotationX" : 0.0,
				"RotationY" : 0.0,
				"RotationZ" : 0.0,
				"ScaleX" : 1.0,
				"ScaleY" : 1.0,
				"ScaleZ" : 1.0
			}
		]
	]
}