{
	"HandleObjects" : 
	[
		{
			"ChildScaleX" : 1.0,
			"ChildScaleY" : 1.0,
			"ChildScaleZ" : 3.7000000476837158,
			"ComponentType" : "ObjectVent",
			"Name" : "OBjvvent",
			"PivotScale" : 1.0,
			"PositionX" : -8.2606477737426758,
			"PositionY" : 0.8894011378288269,
			"PositionZ" : -7.0415077209472656,
			"RotationX" : 104.0,
			"RotationY" : -81.0,
			"RotationZ" : -5.0
		}
	],
	"Lights" : 
	[
		{
			"AmbinentFactor" : 0.5,
			"ColorA" : 1.0,
			"ColorB" : 1.0,
			"ColorG" : 1.0,
			"ColorR" : 1.0,
			"EulerAngleX" : 0.0,
			"EulerAngleY" : 0.0,
			"EulerAngleZ" : 0.0,
			"Name" : "Directional",
			"PosX" : 0.0,
			"PosY" : 0.0,
			"PosZ" : -3.0,
			"Tag" : "Directional"
		}
	],
	"MapObjects" : null,
	"TriggerEvents" : 
	[
		[
			{
				"Name" : "Trigger_0",
				"PositionX" : -1.7996199131011963,
				"PositionY" : 0.0,
				"PositionZ" : -2.9999997615814209,
				"RotationX" : 0.0,
				"RotationY" : 0.0,
				"RotationZ" : 0.0,
				"ScaleX" : 1.0,
				"ScaleY" : 1.0,
				"ScaleZ" : 1.0,
				"TriggerMethod" : 1,
				"TriggerOnce" : false,
				"TriggerToolAutoNum" : 1
			},
			{
				"EventType" : 16,
				"Name" : "Event_0",
				"PositionX" : -4.2163815498352051,
				"PositionY" : 0.0,
				"PositionZ" : -2.9999990463256836,
				"RotationX" : -51.999973297119141,
				"RotationY" : 51.999977111816406,
				"RotationZ" : -107.99996185302734,
				"ScaleX" : 1.0,
				"ScaleY" : 2.9500000476837158,
				"ScaleZ" : 1.6000000238418579
			},
			{
				"EventType" : 17,
				"Name" : "Event_1",
				"PositionX" : -6.9538230895996094,
				"PositionY" : 3.9159748554229736,
				"PositionZ" : -3.8984658718109131,
				"RotationX" : 0.0,
				"RotationY" : 0.0,
				"RotationZ" : 0.0,
				"ScaleX" : 5.0,
				"ScaleY" : 5.0,
				"ScaleZ" : 5.0
			}
		]
	]
}