[
	{
		"ColliderExistence" : false,
		"MeshType" : 0,
		"Name" : "test",
		"PositionX" : -6.4560461044311523,
		"PositionY" : 0.0,
		"PositionZ" : -3.2135825157165527,
		"RotationX" : -46.999973297119141,
		"RotationY" : 71.999961853027344,
		"RotationZ" : 61.999965667724609,
		"ScaleX" : 1.8500000238418579,
		"ScaleY" : 1.5,
		"ScaleZ" : 1.4500000476837158,
		"Tag" : "",
		"TexturePath" : "../SharedResource/Texture/object/brick.jpg",
		"UVScaleX" : 1.0,
		"UVScaleY" : 1.0
	},
	{
		"ColliderExistence" : false,
		"MeshType" : 0,
		"Name" : "brick",
		"PositionX" : -4.2305130958557129,
		"PositionY" : 0.0,
		"PositionZ" : -3.2135791778564453,
		"RotationX" : 0.0,
		"RotationY" : 0.0,
		"RotationZ" : 0.0,
		"ScaleX" : 1.0,
		"ScaleY" : 1.0,
		"ScaleZ" : 1.0,
		"Tag" : "",
		"TexturePath" : "..\\SharedResource\\Texture\\Dev.png",
		"UVScaleX" : 1.0,
		"UVScaleY" : 1.0
	}
]